
cookies=""
latitudeMax=47.78617
longitudeMax=-51.89713
latitudeMin=47.15391
longitudeMin=-53.18939
